Sample	0	1	2	3	4	5	6	7	8	9	10	11	12	13	14	15
GFP-1_R1_paired	(1.0, 30.567750249339575)	(2.0, 12.37017626118943)	(3.0, 12.242733198515895)	(4.0, 10.956788469782829)	(5.0, 9.048280749924293)	(6.0, 6.879323592768538)	(7.0, 5.01514595005463)	(8.0, 3.364129406497799)	(9.0, 2.293545850603809)	('>10', 6.692895590761708)	('>50', 0.2898352120856079)	('>100', 0.2398360515082422)	('>500', 0.027684256639070547)	('>1k', 0.011875160328599673)	('>5k', 0.0)	('>10k+', 0.0)
GFP-1_R2_paired	(1.0, 18.391411896452613)	(2.0, 13.995507519884148)	(3.0, 14.379701548074921)	(4.0, 12.737548056836806)	(5.0, 10.76195962797103)	(6.0, 8.070698391308783)	(7.0, 6.061064099775951)	(8.0, 4.069080139563798)	(9.0, 2.8023815880733127)	('>10', 7.935216375961668)	('>50', 0.332019544764862)	('>100', 0.3169057007775953)	('>500', 0.02478173605989875)	('>1k', 0.01604671897918435)	('>5k', 0.0)	('>10k+', 0.1056770555152568)
GFP-2_R1_paired	(1.0, 21.654950153418074)	(2.0, 4.208986965878582)	(3.0, 4.418612796877901)	(4.0, 4.798940327284405)	(5.0, 5.198649837351176)	(6.0, 5.379250541266621)	(7.0, 5.598000099071615)	(8.0, 5.334411123192713)	(9.0, 5.055524554936802)	('>10', 37.68266084411924)	('>50', 0.3195920968365237)	('>100', 0.28740269171443433)	('>500', 0.044813398189462186)	('>1k', 0.018204569862474016)	('>5k', 0.0)	('>10k+', 0.0)
GFP-2_R2_paired	(1.0, 9.129050748760681)	(2.0, 4.377137366085891)	(3.0, 4.880002704527557)	(4.0, 5.362519630324749)	(5.0, 6.008915110386194)	(6.0, 6.2135526187341625)	(7.0, 6.185090214254354)	(8.0, 6.127661405561335)	(9.0, 5.821610005785898)	('>10', 45.04137856871559)	('>50', 0.4065266132584318)	('>100', 0.31607386904278606)	('>500', 0.03990102249118975)	('>1k', 0.026246198129258855)	('>5k', 0.0)	('>10k+', 0.0643339239419115)
GFP-3_R1_paired	(1.0, 29.353505413574798)	(2.0, 14.648731795514896)	(3.0, 13.344051120538424)	(4.0, 10.90396097588541)	(5.0, 8.568522486206898)	(6.0, 6.0199035562780505)	(7.0, 4.310543871276754)	(8.0, 2.9203618025075686)	(9.0, 1.929175553205359)	('>10', 6.9951112270446645)	('>50', 0.5111264767480096)	('>100', 0.4061989126206342)	('>500', 0.053541685731561525)	('>1k', 0.03526512286704539)	('>5k', 0.0)	('>10k+', 0.0)
GFP-3_R2_paired	(1.0, 22.10056534575335)	(2.0, 15.938433016164034)	(3.0, 14.587416097749195)	(4.0, 12.200291333361472)	(5.0, 9.467664737924276)	(6.0, 6.694465806138219)	(7.0, 4.755082327272705)	(8.0, 3.1461480262851262)	(9.0, 2.1875468328071577)	('>10', 7.732937867583953)	('>50', 0.555854934759348)	('>100', 0.41303075993887317)	('>500', 0.07401548582831721)	('>1k', 0.03310483206580959)	('>5k', 0.0)	('>10k+', 0.11344259636808618)
GFP_1_R1_paired	(1.0, 33.33012027352552)	(2.0, 12.506773329897966)	(3.0, 11.942837569715715)	(4.0, 10.584554548941657)	(5.0, 8.682544812577477)	(6.0, 6.478022805043973)	(7.0, 4.589298002945555)	(8.0, 3.157215961697931)	(9.0, 2.1053999782346797)	('>10', 6.093429574309473)	('>50', 0.2723301326583741)	('>100', 0.22377603479097852)	('>500', 0.021971728446273098)	('>1k', 0.01172524721442417)	('>5k', 0.0)	('>10k+', 0.0)
GFP_1_R2_paired	(1.0, 20.013768708113016)	(2.0, 14.018359738691458)	(3.0, 14.209151470989879)	(4.0, 12.558465352442063)	(5.0, 10.580229094115639)	(6.0, 7.805159335481633)	(7.0, 5.832802964415638)	(8.0, 3.9521822691833797)	(9.0, 2.706078594336322)	('>10', 7.55989393326373)	('>50', 0.3186261394120466)	('>100', 0.30354660181512266)	('>500', 0.03514036332092543)	('>1k', 0.0336690247121821)	('>5k', 0.0)	('>10k+', 0.07292640970697248)
GFP_2_R1_paired	(1.0, 24.158580965541503)	(2.0, 4.741036567997773)	(3.0, 4.4955822285488765)	(4.0, 4.73246675766876)	(5.0, 5.14820950981028)	(6.0, 5.282907083522114)	(7.0, 5.414758893165971)	(8.0, 5.188967279609777)	(9.0, 4.81891937550989)	('>10', 35.388825384073236)	('>50', 0.30325425779235904)	('>100', 0.2653231725655501)	('>500', 0.04320107206461385)	('>1k', 0.01796745212913649)	('>5k', 0.0)	('>10k+', 0.0)
GFP_2_R2_paired	(1.0, 10.461563772915381)	(2.0, 4.467407777768274)	(3.0, 4.864936623502283)	(4.0, 5.362468516575191)	(5.0, 5.9442306960553335)	(6.0, 6.203694021076474)	(7.0, 6.103421032816455)	(8.0, 6.054922065954412)	(9.0, 5.742789476181504)	('>10', 43.95636930660684)	('>50', 0.4014370999064222)	('>100', 0.30807510453191356)	('>500', 0.04557342457403692)	('>1k', 0.0279407440551403)	('>5k', 0.0)	('>10k+', 0.055170337480354006)
GFP_3_R1_paired	(1.0, 32.33294612732326)	(2.0, 14.749689347197876)	(3.0, 12.9286509914242)	(4.0, 10.53370856919187)	(5.0, 8.038561819604729)	(6.0, 5.648088516090685)	(7.0, 3.9991681502780914)	(8.0, 2.6475382277287736)	(9.0, 1.7231103160450238)	('>10', 6.461856940441332)	('>50', 0.46732490461125514)	('>100', 0.3912444224088241)	('>500', 0.047480315998772636)	('>1k', 0.03063135165540074)	('>5k', 0.0)	('>10k+', 0.0)
GFP_3_R2_paired	(1.0, 24.006186458874872)	(2.0, 15.9131014582639)	(3.0, 14.396098610743083)	(4.0, 11.865347774789326)	(5.0, 9.227398315237517)	(6.0, 6.463059047511202)	(7.0, 4.535836139189482)	(8.0, 3.018223729504492)	(9.0, 2.056193756297257)	('>10', 7.389876704184398)	('>50', 0.530104016640938)	('>100', 0.39418597681162604)	('>500', 0.0743576133817664)	('>1k', 0.05111813250242722)	('>5k', 0.0)	('>10k+', 0.07891226606762343)
YAF-1_R1_paired	(1.0, 20.256180892667278)	(2.0, 2.559939115120912)	(3.0, 2.437695660583149)	(4.0, 2.5272336911870754)	(5.0, 2.7337956324513577)	(6.0, 2.923739544758793)	(7.0, 3.140684681197073)	(8.0, 3.1871551097252717)	(9.0, 3.34788913147653)	('>10', 52.07901828904049)	('>50', 2.366598798133681)	('>100', 1.9994618058901144)	('>500', 0.20291958403329105)	('>1k', 0.21475230593071643)	('>5k', 0.022935757804304152)	('>10k+', 0.0)
YAF-1_R2_paired	(1.0, 6.9868204896579575)	(2.0, 2.4101923038248225)	(3.0, 2.633738777985392)	(4.0, 2.893106066564399)	(5.0, 3.1982405410277295)	(6.0, 3.3553373605849326)	(7.0, 3.5413116615877183)	(8.0, 3.7601730220383045)	(9.0, 3.8583938113254015)	('>10', 61.642498927165)	('>50', 2.7871618901492816)	('>100', 2.3894248644520215)	('>500', 0.23461662376058376)	('>1k', 0.22962729581797467)	('>5k', 0.02222265937229959)	('>10k+', 0.05713370468600431)
YAF-2_R1_paired	(1.0, 34.47785433178509)	(2.0, 21.228834475199974)	(3.0, 16.114394963356318)	(4.0, 10.179827596026566)	(5.0, 6.176765896278975)	(6.0, 3.6094718040676765)	(7.0, 2.0694774903333673)	(8.0, 1.24075388984474)	(9.0, 0.7687566819379708)	('>10', 3.020003913676611)	('>50', 0.36682107742769005)	('>100', 0.5279079743605171)	('>500', 0.10900094015303004)	('>1k', 0.10581617239667129)	('>5k', 0.004312793154863982)	('>10k+', 0.0)
YAF-2_R2_paired	(1.0, 29.70770400217051)	(2.0, 22.703645080877017)	(3.0, 17.096279918796732)	(4.0, 11.113333527775122)	(5.0, 6.654739218366783)	(6.0, 3.8520948399578447)	(7.0, 2.2155905864319583)	(8.0, 1.3416529367859154)	(9.0, 0.8190971268733616)	('>10', 3.233769345224771)	('>50', 0.349233861260858)	('>100', 0.6174402244438346)	('>500', 0.12056599048155117)	('>1k', 0.0918961078017488)	('>5k', 0.004157999138187283)	('>10k+', 0.0787992336138964)
YAF-3_R1_paired	(1.0, 32.487857706936005)	(2.0, 17.089218076285505)	(3.0, 15.120122357698026)	(4.0, 11.43819342216274)	(5.0, 8.086175745771937)	(6.0, 5.031601706093069)	(7.0, 3.182743096842545)	(8.0, 1.9237028173695387)	(9.0, 1.2303965121856564)	('>10', 3.6232398896179485)	('>50', 0.29630364201713527)	('>100', 0.3557596480502873)	('>500', 0.05647932858755738)	('>1k', 0.06565848235589057)	('>5k', 0.012547568026247128)	('>10k+', 0.0)
YAF-3_R2_paired	(1.0, 23.35044824384544)	(2.0, 19.14564652168448)	(3.0, 17.022654752144412)	(4.0, 13.19531902451105)	(5.0, 9.094218725165062)	(6.0, 5.8082099643760285)	(7.0, 3.6455627829092276)	(8.0, 2.2639333971266264)	(9.0, 1.3732965752923523)	('>10', 4.117796654282549)	('>50', 0.2988733907405038)	('>100', 0.48200865677001675)	('>500', 0.053903405404570635)	('>1k', 0.07244702550029287)	('>5k', 0.012795247815983025)	('>10k+', 0.06288563243147836)
YAF_1_R1_paired	(1.0, 22.4176239463402)	(2.0, 3.2139725662789416)	(3.0, 2.6364360903545494)	(4.0, 2.6250672129385086)	(5.0, 2.727710556353124)	(6.0, 2.8949572744522922)	(7.0, 3.123940424699647)	(8.0, 3.117786679603831)	(9.0, 3.333244517577575)	('>10', 49.39932494398791)	('>50', 2.216112386535947)	('>100', 1.8781397173792798)	('>500', 0.19816446374762556)	('>1k', 0.19513391954488138)	('>5k', 0.02238530020557127)	('>10k+', 0.0)
YAF_1_R2_paired	(1.0, 8.202263266085183)	(2.0, 2.6737504151081297)	(3.0, 2.6377124884164127)	(4.0, 2.9110216589990623)	(5.0, 3.179691695443572)	(6.0, 3.328923955705112)	(7.0, 3.52584866097999)	(8.0, 3.7309185651843513)	(9.0, 3.846014298458712)	('>10', 60.3750169414827)	('>50', 2.7104426091430653)	('>100', 2.353433917838636)	('>500', 0.2285418610543794)	('>1k', 0.2282455304112601)	('>5k', 0.022089435518612182)	('>10k+', 0.046084700170756505)
YAF_2_R1_paired	(1.0, 37.75314557087812)	(2.0, 20.961043166931933)	(3.0, 15.33842086248306)	(4.0, 9.515694049982192)	(5.0, 5.643800817453807)	(6.0, 3.327960935396391)	(7.0, 1.8636821009058244)	(8.0, 1.1128274325563874)	(9.0, 0.6767585752702823)	('>10', 2.743340145754053)	('>50', 0.3535434013660681)	('>100', 0.5074233591170949)	('>500', 0.10014848793980745)	('>1k', 0.09806265952913334)	('>5k', 0.004148434435889789)	('>10k+', 0.0)
YAF_2_R2_paired	(1.0, 31.784468989208253)	(2.0, 22.42187295561762)	(3.0, 16.67130541396239)	(4.0, 10.713691057246841)	(5.0, 6.335754747669366)	(6.0, 3.619231148878029)	(7.0, 2.1161816348319435)	(8.0, 1.2709890848461325)	(9.0, 0.7672833971591521)	('>10', 3.085078694324862)	('>50', 0.34314330918380676)	('>100', 0.5958366283689422)	('>500', 0.11796081410364732)	('>1k', 0.09411408387558216)	('>5k', 0.0041055827621099585)	('>10k+', 0.05898245796135219)
YAF_3_R1_paired	(1.0, 35.38671178135957)	(2.0, 17.04462707331954)	(3.0, 14.659729281485692)	(4.0, 10.900096829387008)	(5.0, 7.564327420469094)	(6.0, 4.650116214227078)	(7.0, 2.8418381348898722)	(8.0, 1.7496978782879966)	(9.0, 1.1373711127521469)	('>10', 3.3231338657695835)	('>50', 0.27451143655581295)	('>100', 0.3363695700026223)	('>500', 0.053172366003928245)	('>1k', 0.06596271068824222)	('>5k', 0.012334324801881773)	('>10k+', 0.0)
YAF_3_R2_paired	(1.0, 25.281160516590184)	(2.0, 19.012890662811312)	(3.0, 16.764669761547847)	(4.0, 12.822599695997585)	(5.0, 8.820368718194004)	(6.0, 5.553531300766904)	(7.0, 3.4343060886827668)	(8.0, 2.146335883093938)	(9.0, 1.2934943704226085)	('>10', 3.9208529576648434)	('>50', 0.2896973573860698)	('>100', 0.46388067394263954)	('>500', 0.059631847820740505)	('>1k', 0.0774963881961707)	('>5k', 0.012723689488778559)	('>10k+', 0.04636008739356511)
